0 0.234375 0.28750000000000003 0.04296875 0.044444444444444446
0 0.259375 0.2902777777777778 0.043750000000000004 0.04583333333333334
0 0.2859375 0.2888888888888889 0.040625 0.044444444444444446
1 0.31093750000000003 0.28750000000000003 0.0421875 0.05
1 0.3359375 0.2916666666666667 0.0390625 0.043055555555555555
1 0.3765625 0.2888888888888889 0.03828125 0.044444444444444446
1 0.40390625 0.2888888888888889 0.03359375 0.04166666666666667
1 0.4296875 0.2902777777777778 0.037500000000000006 0.03888888888888889
1 0.4546875 0.28750000000000003 0.03671875 0.043055555555555555
1 0.48046875 0.2888888888888889 0.034375 0.044444444444444446
0 0.50703125 0.28611111111111115 0.02890625 0.044444444444444446
0 0.53359375 0.28611111111111115 0.030468750000000003 0.04722222222222222
0 0.5609375 0.28194444444444444 0.025 0.05277777777777778
1 0.58828125 0.28194444444444444 0.03359375 0.05
0 0.6179687500000001 0.28194444444444444 0.025 0.059722222222222225
1 0.64375 0.28055555555555556 0.025 0.05555555555555556
0 0.6734375 0.2791666666666667 0.026562500000000003 0.05416666666666667
1 0.7015625000000001 0.2777777777777778 0.02734375 0.05
1 0.7312500000000001 0.28055555555555556 0.029687500000000002 0.05555555555555556
1 0.7609375 0.2777777777777778 0.025 0.0638888888888889
1 0.78671875 0.2763888888888889 0.026562500000000003 0.059722222222222225
1 0.81640625 0.2763888888888889 0.029687500000000002 0.06666666666666667
1 0.19765625 0.39861111111111114 0.04453125 0.04722222222222222
0 0.22265625 0.4027777777777778 0.04453125 0.04583333333333334
1 0.24921875000000002 0.39722222222222225 0.03828125 0.04861111111111111
1 0.28125 0.4027777777777778 0.040625 0.05277777777777778
1 0.3125 0.4 0.035937500000000004 0.05
1 0.35000000000000003 0.39861111111111114 0.032031250000000004 0.05416666666666667
1 0.375 0.4 0.034375 0.05555555555555556
1 0.40937500000000004 0.3944444444444445 0.03671875 0.04861111111111111
0 0.43593750000000003 0.4 0.0328125 0.05277777777777778
0 0.46484375 0.3944444444444445 0.03671875 0.05416666666666667
0 0.49531250000000004 0.3944444444444445 0.03671875 0.04861111111111111
1 0.521875 0.39583333333333337 0.03359375 0.05277777777777778
0 0.55390625 0.39583333333333337 0.03828125 0.051388888888888894
1 0.5828125000000001 0.39583333333333337 0.03359375 0.051388888888888894
0 0.61328125 0.39166666666666666 0.03671875 0.05555555555555556
0 0.64609375 0.3888888888888889 0.030468750000000003 0.06944444444444445
1 0.67890625 0.39305555555555555 0.03125 0.07361111111111111
1 0.70859375 0.39166666666666666 0.0328125 0.07222222222222223
0 0.7406250000000001 0.39166666666666666 0.02890625 0.06666666666666667
0 0.77265625 0.3902777777777778 0.03359375 0.06805555555555556
0 0.80625 0.3902777777777778 0.02890625 0.06944444444444445
0 0.8390625 0.39166666666666666 0.0328125 0.07083333333333333
1 0.17578125 0.4652777777777778 0.04609375 0.051388888888888894
1 0.20468750000000002 0.4625 0.0546875 0.05416666666666667
1 0.23203125000000002 0.45972222222222225 0.05234375 0.051388888888888894
1 0.26015625000000003 0.4666666666666667 0.05234375 0.051388888888888894
1 0.290625 0.4652777777777778 0.05078125 0.05
1 0.33515625000000004 0.4666666666666667 0.047656250000000004 0.044444444444444446
1 0.36640625000000004 0.46805555555555556 0.05234375 0.05555555555555556
1 0.39453125 0.4666666666666667 0.049218750000000006 0.05
1 0.4265625 0.4666666666666667 0.0484375 0.05416666666666667
1 0.45625000000000004 0.46805555555555556 0.030468750000000003 0.075
1 0.4890625 0.46805555555555556 0.041406250000000006 0.05277777777777778
1 0.51875 0.46805555555555556 0.0328125 0.07083333333333333
1 0.5515625000000001 0.4652777777777778 0.039843750000000004 0.044444444444444446
1 0.5828125000000001 0.4666666666666667 0.037500000000000006 0.05416666666666667
1 0.61328125 0.4666666666666667 0.02890625 0.07083333333333333
1 0.64765625 0.4638888888888889 0.0390625 0.05555555555555556
1 0.6804687500000001 0.4652777777777778 0.02890625 0.07083333333333333
1 0.7109375 0.4652777777777778 0.032031250000000004 0.0638888888888889
1 0.7453125 0.4652777777777778 0.030468750000000003 0.06805555555555556
1 0.77890625 0.4625 0.0328125 0.0763888888888889
1 0.81171875 0.4638888888888889 0.030468750000000003 0.06944444444444445
1 0.84765625 0.4652777777777778 0.03515625 0.0763888888888889
1 0.12187500000000001 0.6138888888888889 0.053125000000000006 0.05416666666666667
1 0.15078125 0.6166666666666667 0.05234375 0.059722222222222225
1 0.18671875000000002 0.6180555555555556 0.051562500000000004 0.061111111111111116
1 0.21875 0.6152777777777778 0.05078125 0.05555555555555556
1 0.25078125 0.6208333333333333 0.049218750000000006 0.05694444444444444
0 0.3015625 0.6180555555555556 0.045312500000000006 0.05555555555555556
1 0.33671875 0.6166666666666667 0.045312500000000006 0.06666666666666667
1 0.37265625 0.6166666666666667 0.05 0.06805555555555556
1 0.40468750000000003 0.6180555555555556 0.0484375 0.058333333333333334
1 0.43828125 0.6236111111111111 0.049218750000000006 0.0625
1 0.47109375000000003 0.6222222222222222 0.045312500000000006 0.061111111111111116
1 0.50625 0.6236111111111111 0.05234375 0.05555555555555556
1 0.54140625 0.6222222222222222 0.043750000000000004 0.0638888888888889
1 0.5789062500000001 0.6208333333333333 0.03359375 0.08472222222222223
1 0.6140625000000001 0.6194444444444445 0.035937500000000004 0.08194444444444444
1 0.6507812500000001 0.6263888888888889 0.035937500000000004 0.08194444444444444
1 0.6890625 0.6263888888888889 0.03515625 0.08611111111111111
1 0.7265625 0.6277777777777778 0.03671875 0.08194444444444444
1 0.7625000000000001 0.6277777777777778 0.035937500000000004 0.09027777777777778
1 0.80078125 0.625 0.03515625 0.09583333333333334
1 0.8367187500000001 0.6263888888888889 0.03125 0.09444444444444444
1 0.875 0.6277777777777778 0.035937500000000004 0.09305555555555556
0 0.05859375 0.7361111111111112 0.05859375 0.05
0 0.09531250000000001 0.7361111111111112 0.057031250000000006 0.07222222222222223
0 0.13671875 0.7361111111111112 0.05859375 0.06805555555555556
1 0.1765625 0.7388888888888889 0.06406250000000001 0.075
0 0.21875 0.7333333333333334 0.053125000000000006 0.075
1 0.25703125 0.7347222222222223 0.055468750000000004 0.07777777777777778
1 0.30000000000000004 0.7347222222222223 0.05390625 0.075
0 0.34453125 0.7361111111111112 0.05234375 0.07361111111111111
0 0.38593750000000004 0.7458333333333333 0.0546875 0.075
0 0.42890625000000004 0.7416666666666667 0.05 0.0763888888888889
0 0.4703125 0.7444444444444445 0.05 0.06527777777777778
1 0.51015625 0.7472222222222222 0.05078125 0.075
