0 9.306666666666667 6.372549019607843 1.5733333333333335 1.0392156862745099
None 9.19375 4.007042253521127 1.6875 0.9577464788732395
0 11.007142857142856 3.852 1.8142857142857143 0.904
0 12.854838709677418 3.5384615384615388 1.8709677419354838 0.8376068376068377
0 14.43859649122807 3.432038834951456 1.9649122807017543 0.7864077669902912
0 22.02631578947368 2.985148514851485 2.7368421052631575 0.6435643564356436
0 21.475 3.113095238095238 2.25 0.7023809523809523
0 30.051724137931036 2.6411764705882352 3.0 0.5764705882352941
0 27.71875 2.566666666666667 2.5625 0.6533333333333333
0 4.056 7.926829268292683 1.168 1.4146341463414636
0 6.252252252252252 9.171052631578947 0.954954954954955 1.657894736842105
0 5.736 10.15 0.96 1.7666666666666666
0 6.417391304347826 8.516129032258064 0.9565217391304348 1.6774193548387095
0 6.504273504273505 8.333333333333332 0.9743589743589745 1.7037037037037037
0 7.933673469387754 7.51923076923077 0.9693877551020408 1.576923076923077
0 5.220588235294118 4.381578947368421 1.2647058823529411 1.0789473684210527
0 6.57258064516129 3.9189189189189193 1.4032258064516128 1.0540540540540542
0 9.193877551020407 3.3733333333333335 1.4489795918367345 0.9866666666666667
0 11.204545454545455 3.353846153846154 1.6363636363636365 0.9538461538461539
0 12.804878048780488 3.3125 1.6097560975609757 0.9107142857142857
0 18.032258064516128 2.9903846153846154 1.935483870967742 0.75
0 3.2692307692307696 5.4603174603174605 1.153846153846154 1.1746031746031744
0 4.407407407407407 4.698412698412698 1.2962962962962963 1.2063492063492063
0 5.721153846153847 3.878787878787879 1.4423076923076923 1.0
0 6.96 3.4000000000000004 1.48 1.0153846153846153
0 9.634146341463415 3.4909090909090907 1.5609756097560976 1.0545454545454545
0 12.013888888888888 3.3200000000000003 1.6388888888888888 0.92
0 15.161290322580644 2.6363636363636362 1.935483870967742 0.6909090909090909
