1 5.454545454545454 6.453125 0.8363636363636363 1.40625
1 5.919642857142857 6.303030303030303 0.8035714285714285 1.4545454545454546
0 7.028846153846154 6.5 0.826923076923077 1.5
1 7.351851851851851 5.75 0.8518518518518519 1.3333333333333333
0 8.59 6.725806451612903 0.86 1.4516129032258065
1 9.816326530612244 6.4375 0.8571428571428571 1.4375
1 12.011627906976743 6.883333333333333 0.813953488372093 1.4333333333333333
0 11.447916666666666 7.428571428571428 0.6875 1.6428571428571428
0 12.361702127659575 6.64516129032258 0.7234042553191489 1.4838709677419355
0 13.977272727272728 6.46875 0.8181818181818182 1.375
1 17.486486486486488 6.421875 0.8648648648648649 1.21875
0 17.46153846153846 6.044117647058823 0.8717948717948718 1.2058823529411764
1 22.40625 5.315789473684211 1.0 1.0
0 17.5 5.625 0.8604651162790697 1.1944444444444444
0 24.6875 4.709302325581396 1.0 1.0
0 25.734375 5.0375000000000005 1.09375 0.9750000000000001
0 25.308823529411764 5.166666666666666 1.0294117647058822 1.0
0 25.614285714285714 5.541666666666666 1.0 1.0277777777777777
0 24.61842105263158 5.025 1.026315789473684 1.0
0 30.40625 4.315217391304348 1.125 0.9782608695652174
0 29.602941176470587 4.616279069767442 -0.8529411764705882 0.9069767441860465
1 27.473684210526315 4.09375 1.2105263157894737 0.9375
0 4.421052631578947 8.455882352941176 0.9473684210526315 1.2647058823529411
0 4.991228070175438 8.681818181818182 0.9298245614035088 1.3636363636363638
1 6.499999999999999 8.228571428571428 0.9999999999999999 1.3142857142857143
0 6.913461538461539 7.578947368421052 0.9807692307692308 1.1052631578947367
0 8.684782608695652 8.027777777777777 1.0217391304347825 1.222222222222222
1 10.914634146341465 7.397435897435897 1.0975609756097562 1.0512820512820513
0 10.897727272727273 7.2 1.0227272727272727 1.1
0 11.138297872340425 8.114285714285714 0.9148936170212766 1.2
0 13.273809523809524 7.513157894736842 1.0238095238095237 1.0789473684210527
1 12.648936170212766 7.294871794871795 0.9574468085106382 1.1538461538461537
0 13.47872340425532 8.114285714285714 0.8723404255319148 1.2571428571428571
0 15.511627906976743 7.4868421052631575 0.9302325581395349 1.131578947368421
0 14.428571428571427 7.662162162162162 0.7755102040816326 1.3243243243243243
0 17.348837209302324 7.6891891891891895 0.8837209302325582 1.1621621621621623
0 16.680851063829788 7.050000000000001 0.9361702127659575 1.1500000000000001
0 21.21794871794872 5.58 1.0 1.04
1 21.700000000000003 5.330188679245283 1.0 1.0
0 21.595238095238095 5.375 1.0952380952380951 1.0192307692307694
0 25.60810810810811 5.854166666666666 1.1081081081081081 1.0416666666666665
1 22.906976744186046 5.73469387755102 -0.6976744186046512 1.1020408163265305
0 27.87837837837838 5.61 1.1621621621621623 1.02
0 25.559523809523807 5.509803921568627 1.119047619047619 0.9411764705882353
1 3.805084745762712 8.95945945945946 0.7966101694915254 1.5405405405405406
0 3.7357142857142858 8.538461538461538 0.8142857142857143 1.4871794871794872
0 4.425373134328358 8.91891891891892 0.7611940298507462 1.6216216216216217
1 4.955223880597015 9.067567567567568 0.7761194029850746 1.5405405405405406
1 5.7153846153846155 9.277777777777777 0.7230769230769232 1.611111111111111
1 7.024590163934427 10.515625 0.639344262295082 1.90625
0 7.0 8.375 0.8059701492537313 1.5
0 8.0 9.333333333333332 0.7619047619047619 1.5555555555555554
1 8.806451612903226 8.538461538461538 0.7741935483870968 1.5384615384615383
0 14.961538461538462 6.222222222222221 1.0 1.0
1 11.81132075471698 8.842105263157894 0.7924528301886792 1.4210526315789473
0 15.785714285714285 6.598039215686274 1.0 1.0
0 13.843137254901961 10.453125 0.6666666666666666 1.59375
1 15.510416666666666 8.602564102564102 0.8541666666666666 1.3076923076923077
0 21.202702702702705 6.568627450980392 1.0 1.0196078431372548
1 16.54 8.325000000000001 0.8 1.3
0 23.513513513513516 6.578431372549019 1.0810810810810811 1.0
1 22.195121951219512 7.260869565217391 1.1219512195121952 1.0434782608695652
0 24.46153846153846 6.826530612244897 1.0769230769230769 1.0816326530612244
0 23.726190476190474 6.045454545454545 -0.8333333333333333 0.9636363636363636
1 26.628205128205128 6.69 1.1538461538461537 0.98
1 24.11111111111111 6.0 1.2 0.9818181818181818
1 2.2794117647058822 11.333333333333332 0.8529411764705882 1.5384615384615383
0 2.8805970149253732 10.325581395348838 0.8656716417910447 1.302325581395349
1 3.6136363636363638 10.102272727272728 0.8636363636363636 1.2954545454545454
1 4.3 11.075000000000001 0.8153846153846154 1.4000000000000001
1 5.095238095238095 10.902439024390244 0.8571428571428571 1.3170731707317074
1 6.655172413793103 11.1125 0.8620689655172413 1.2750000000000001
1 7.413793103448276 9.229166666666666 0.896551724137931 1.1666666666666665
1 7.4375 9.091836734693876 0.96875 1.2448979591836733
1 8.346774193548386 10.607142857142856 0.8548387096774194 1.357142857142857
1 8.896825396825397 9.955555555555556 0.8412698412698412 1.288888888888889
1 10.379310344827585 10.15909090909091 0.7931034482758621 1.3181818181818181
0 9.664179104477611 11.2125 0.7014925373134329 1.5750000000000002
1 12.357142857142856 9.695652173913043 0.8571428571428571 1.2173913043478262
1 17.209302325581394 7.327868852459017 1.069767441860465 1.0163934426229508
0 17.065217391304348 7.5508474576271185 1.0 1.0
1 18.119565217391305 7.61864406779661 1.0217391304347825 1.0
1 19.58888888888889 7.274193548387097 1.1777777777777778 0.967741935483871
0 19.76595744680851 7.61864406779661 1.1489361702127658 1.0
0 21.652173913043477 6.907692307692308 -0.30434782608695654 0.9846153846153847
1 22.26666666666667 6.536231884057971 -0.26666666666666666 0.9565217391304348
0 26.762500000000003 6.588235294117647 1.3250000000000002 0.9411764705882353
0 24.32608695652174 6.664179104477612 1.3478260869565217 0.9402985074626865
0 1.2733333333333334 14.638888888888888 -0.36000000000000004 1.5
1 1.3287671232876712 10.182692307692308 -0.3013698630136986 1.1730769230769231
1 2.3333333333333335 10.83673469387755 0.9333333333333333 1.2653061224489794
1 2.7439024390243905 9.833333333333332 0.926829268292683 1.1851851851851851
0 4.110294117647059 9.805555555555555 1.0147058823529411 1.2407407407407407
0 4.619718309859155 9.455357142857142 0.9577464788732395 1.125
0 5.557971014492754 9.787037037037036 0.9710144927536232 1.0555555555555556
0 6.574626865671641 10.028301886792452 1.0 1.0754716981132075
0 7.042857142857143 9.925925925925926 0.9428571428571428 1.1111111111111112
0 8.5703125 9.681818181818182 0.984375 1.0727272727272728
0 9.3984375 11.382978723404255 0.828125 1.3191489361702127
0 10.038461538461538 9.953703703703702 0.9076923076923078 1.1666666666666665
