1 0.9259259259259258 0.6373456790123456 0.1419753086419753 0.1388888888888889
1 0.9338028169014085 0.5859154929577465 0.1267605633802817 0.13521126760563382
1 0.9420103092783505 0.5360824742268041 0.11082474226804123 0.12371134020618557
0 0.9429928741092637 0.491686460807601 0.10926365795724466 0.11401425178147269
1 0.9502212389380531 0.46128318584070793 0.09513274336283185 0.09955752212389381
1 0.956262425447316 0.40954274353876735 0.08349900596421471 0.09145129224652086
0 0.9654205607476636 0.385981308411215 0.06542056074766356 0.08037383177570094
1 0.9691358024691358 0.36684303350970016 0.0582010582010582 0.08112874779541446
0 0.9699499165275459 0.34390651085141904 0.05676126878130217 0.07679465776293823
1 0.9700315457413249 0.3264984227129337 0.056782334384858045 0.0694006309148265
1 0.9743975903614458 0.30948795180722893 0.04819277108433735 0.058734939759036146
0 0.9742489270386266 0.2939914163090129 0.04864091559370529 0.0586552217453505
1 0.9768392370572206 0.27520435967302453 0.043596730245231606 0.051771117166212535
0 0.9747409326424871 0.2623056994818653 0.04792746113989638 0.05569948186528498
1 0.9789343246592317 0.25092936802973975 0.03965303593556382 0.05328376703841388
0 0.9780285035629455 0.23931116389548696 0.04156769596199525 0.04631828978622328
0 0.9789533560864618 0.22923777019340158 0.03981797497155859 0.04436860068259386
1 0.9797814207650273 0.2180327868852459 0.03825136612021858 0.040437158469945354
1 0.9785564853556484 0.21025104602510458 0.0407949790794979 0.04184100418410042
1 0.9808467741935484 0.2001008064516129 0.03629032258064516 0.04536290322580645
1 0.9848336594911937 0.19422700587084146 -0.02837573385518591 0.03816046966731898
1 0.9775280898876405 0.18398876404494383 0.04307116104868914 0.042134831460674156
0 0.8129032258064516 0.9274193548387096 0.17419354838709677 0.13870967741935483
1 0.9118589743589743 0.9182692307692307 0.16987179487179488 0.14423076923076922
1 0.9258720930232558 0.8372093023255813 0.14244186046511628 0.13372093023255813
1 0.9313471502590674 0.7461139896373057 0.13212435233160622 0.10880829015544041
1 0.9422169811320754 0.6816037735849056 0.11084905660377357 0.10377358490566037
1 0.9501061571125266 0.6125265392781316 0.09554140127388534 0.0870488322717622
1 0.9532803180914512 0.5725646123260437 0.08946322067594432 0.08747514910536779
0 0.9587912087912088 0.5201465201465202 0.07875457875457875 0.07692307692307693
0 0.9612068965517241 0.49224137931034484 0.07413793103448275 0.0706896551724138
1 0.9619741100323626 0.4603559870550162 0.07281553398058253 0.07281553398058253
1 0.9671755725190839 0.433587786259542 0.06259541984732825 0.06717557251908397
1 0.9694767441860465 0.41351744186046513 0.05813953488372093 0.0625
1 0.9724896836313618 0.38995873452544705 0.052269601100412656 0.06740027510316368
0 0.9738903394255874 0.3714099216710183 0.04960835509138381 0.05613577023498695
0 0.9714993804213136 0.34944237918215615 0.05452292441140025 0.057001239157372985
1 0.9758254716981132 0.3290094339622641 0.045990566037735846 0.06132075471698113
0 0.9763779527559056 0.3177727784026997 0.044994375703037125 0.05961754780652419
1 0.9742212674543501 0.30021482277121375 0.04940923737916219 0.05692803437164339
1 0.9778121775025799 0.2899896800825593 0.04231166150670794 0.05159958720330237
1 0.984015984015984 0.2807192807192807 -0.02997002997002997 0.053946053946053944
1 0.9786527514231499 0.2661290322580645 0.04079696394686907 0.04838709677419355
1 0.9776867030965392 0.25591985428051 0.042805100182149364 0.04371584699453552
1 0.6218836565096952 0.9182825484764543 0.13019390581717452 0.15789473684210525
1 0.7203856749311295 0.9173553719008265 0.15702479338842976 0.15977961432506887
1 0.8213296398891967 0.9141274238227147 0.14127423822714683 0.16620498614958448
1 0.9095890410958904 0.9191780821917809 0.14246575342465753 0.15616438356164383
1 0.9381313131313133 0.8434343434343435 0.1186868686868687 0.14646464646464646
1 0.9543429844097995 0.7494432071269488 0.08685968819599109 0.1358574610244989
1 0.943661971830986 0.6740442655935615 0.10865191146881288 0.12072434607645877
1 0.9527410207939508 0.6351606805293006 0.09073724007561437 0.10586011342155009
1 0.9562171628721541 0.5831873905429071 0.0840630472854641 0.10507880910683012
1 0.9660596026490066 0.5562913907284768 0.06456953642384106 0.08940397350993377
1 0.9660493827160493 0.5185185185185185 0.06481481481481481 0.08333333333333333
1 0.9678832116788321 0.4912408759124087 0.06131386861313868 0.07445255474452554
1 0.9751381215469613 0.46201657458563533 0.04696132596685083 0.07044198895027624
1 0.9719321148825065 0.43798955613577023 0.053524804177545696 0.06657963446475196
1 0.9757462686567164 0.4166666666666667 0.046019900497512436 0.06467661691542288
1 0.9752358490566038 0.392688679245283 0.04716981132075471 0.06132075471698113
1 0.9764309764309765 0.3765432098765432 0.044893378226711564 0.05723905723905724
1 0.974304068522484 0.35760171306209854 0.049250535331905786 0.05139186295503212
1 0.9774590163934427 0.3427254098360656 0.0430327868852459 0.054303278688524595
1 0.9817733990147782 0.3275862068965517 -0.034482758620689655 0.052216748768472904
1 0.9778719397363465 0.3149717514124294 0.0423728813559322 0.04613935969868173
1 0.9748427672955975 0.29649595687331537 0.04851752021563342 0.04851752021563342
1 0.3276955602536998 0.9344608879492601 0.1226215644820296 0.12684989429175475
1 0.4080338266384778 0.9386892177589853 0.1226215644820296 0.11839323467230445
1 0.5031645569620252 0.9377637130801687 0.12025316455696201 0.12025316455696201
1 0.5921610169491526 0.9385593220338982 0.11228813559322035 0.11864406779661017
1 0.6757894736842105 0.9410526315789474 0.11368421052631579 0.11368421052631579
1 0.8195329087048833 0.9437367303609342 0.10615711252653928 0.10828025477707007
1 0.9110169491525424 0.9385593220338982 0.11016949152542373 0.11864406779661017
1 0.937007874015748 0.8769685039370079 0.1220472440944882 0.12007874015748031
1 0.9495412844036698 0.8174311926605505 0.09724770642201835 0.10458715596330276
1 0.9532312925170068 0.7619047619047619 0.09013605442176871 0.09863945578231292
1 0.9616613418530351 0.7140575079872205 0.07348242811501597 0.0926517571884984
1 0.9635416666666666 0.6674107142857143 0.06994047619047619 0.09375
1 0.9651324965132496 0.6220362622036262 0.06694560669456066 0.07810320781032078
1 0.968586387434555 0.5850785340314136 0.060209424083769635 0.08115183246073299
1 0.9703337453646477 0.5506798516687268 0.05686032138442521 0.07292954264524103
1 0.9714452214452215 0.5238927738927739 0.054778554778554776 0.06876456876456877
1 0.9697469746974697 0.4961496149614961 0.058305830583058306 0.066006600660066
1 0.9707419017763846 0.4696969696969697 0.05642633228840126 0.06165099268547545
1 0.9920318725099602 0.44721115537848605 -0.013944223107569721 0.06374501992031872
1 0.9930624380574826 0.44697720515361744 -0.011892963330029732 0.06541129831516353
1 0.9749544626593807 0.40801457194899815 0.0482695810564663 0.058287795992714025
1 0.9721980886185925 0.3879235447437011 0.05386620330147698 0.05473501303214596
0 0.17207207207207206 0.9495495495495495 -0.04864864864864865 0.0972972972972973
1 0.1729055258467023 0.9438502673796791 -0.0392156862745098 0.10873440285204991
1 0.3108348134991119 0.9431616341030196 0.12433392539964476 0.11012433392539965
1 0.39893617021276595 0.9414893617021276 0.1347517730496454 0.11347517730496454
0 0.49556737588652483 0.9388297872340425 0.12234042553191489 0.11879432624113474
1 0.5836298932384342 0.942170818505338 0.12099644128113879 0.11209964412811388
1 0.6872759856630825 0.9471326164874552 0.12007168458781362 0.10215053763440861
0 0.785204991087344 0.9474153297682709 0.1194295900178253 0.1016042780748663
0 0.8694885361552027 0.9453262786596119 0.1164021164021164 0.10582010582010581
0 0.9440619621342513 0.9165232358003442 0.10843373493975904 0.10154905335628228
1 0.9562798092209858 0.8505564387917329 0.08426073131955486 0.0985691573926868
1 0.9553440702781845 0.7869692532942899 0.08638360175695461 0.09224011713030747
