0 8.420731707317074 3.346590909090909 2.0365853658536586 0.7272727272727273
0 9.216417910447761 3.189542483660131 2.283582089552239 0.6535947712418301
0 8.576923076923077 2.9496402877697845 2.076923076923077 0.6474820143884893
0 8.336065573770492 2.6461538461538465 2.0819672131147544 0.6307692307692307
0 9.893617021276595 2.4608695652173913 2.4680851063829787 0.5565217391304348
1 10.219512195121952 1.912844036697248 3.75609756097561 0.9816513761467891
0 9.368421052631579 1.1 2.9473684210526314 -0.24705882352941178
0 8.205128205128204 0.9125000000000001 2.205128205128205 0.5750000000000001
1 14.28125 3.408695652173913 7.4375 3.0782608695652174
1 12.045454545454545 1.7727272727272727 2.6363636363636362 0.5272727272727272
1 11.75 1.708791208791209 2.357142857142857 0.5384615384615385
0 9.75531914893617 0.9801980198019802 2.361702127659574 -0.2376237623762376
0 13.758064516129032 1.1785714285714286 2.870967741935484 -0.11904761904761904
0 12.265625 0.6411764705882352 2.78125 0.4823529411764706
0 15.708333333333332 3.8000000000000003 1.361111111111111 0.8
0 14.704225352112676 4.1891891891891895 1.1267605633802817 1.0810810810810811
0 14.765151515151516 0.4017094017094017 -0.8939393939393939 0.6495726495726496
0 21.461538461538463 2.599009900990099 2.0 0.6435643564356436
0 21.833333333333332 1.9403669724770642 -2.1666666666666665 0.5045871559633028
0 19.928571428571427 1.6616161616161618 -1.9795918367346936 0.5151515151515152
0 20.22222222222222 1.4709302325581395 1.9555555555555557 0.5232558139534884
0 20.151162790697676 0.9381443298969072 2.255813953488372 -0.3917525773195876
0 19.914634146341463 0.8012820512820512 1.926829268292683 0.5256410256410257
0 15.37704918032787 1.7017543859649122 -3.8688524590163937 -0.24561403508771928
0 18.745454545454546 1.0258620689655171 1.1636363636363636 0.9482758620689655
