1 0.8960055096418733 0.8787878787878788 0.20523415977961434 0.19008264462809918
1 0.9008951406649617 0.7237851662404092 0.1956521739130435 0.1585677749360614
1 0.9155193992490613 0.6038798498122654 0.16645807259073842 0.1414267834793492
1 0.9241504854368932 0.4993932038834951 0.14927184466019416 0.11043689320388349
1 0.9273709483793516 0.42076830732292914 0.14285714285714285 0.09243697478991596
1 0.9336437718277066 0.3480791618160652 0.13038416763678695 0.07916181606519208
1 0.9407364787111623 0.29344073647871116 0.11622554660529344 0.0667433831990794
0 0.9441309255079006 0.25112866817155755 0.10948081264108352 0.05756207674943566
0 0.9478935698447893 0.21840354767184036 0.10199556541019955 0.05321507760532151
1 0.659634317862166 0.9135021097046414 0.2616033755274262 0.170182841068917
1 0.9101838755304102 0.4992927864214993 0.1768033946251768 0.09618104667609619
1 0.9252021563342319 0.4009433962264151 0.14690026954177898 0.07681940700808626
1 0.9233333333333333 0.348 0.15066666666666667 0.06933333333333333
1 0.9343112244897959 0.28826530612244894 0.1288265306122449 0.0586734693877551
1 0.9370229007633588 0.24554707379134863 0.12340966921119594 0.0534351145038168
1 0.81951871657754 0.8863636363636364 0.24331550802139035 0.22192513368983957
1 0.8992537313432836 0.7114427860696517 0.19651741293532338 0.18407960199004975
1 0.904494382022472 0.5561797752808989 0.1865168539325843 0.1550561797752809
1 0.9185336048879836 0.44093686354378814 0.15885947046843177 0.1160896130346232
1 0.9241842610364683 0.3502879078694818 0.14779270633397312 0.10940499040307101
1 0.9386446886446886 0.2957875457875458 0.11904761904761904 0.10073260073260074
1 0.22794117647058823 0.8811274509803921 -0.044117647058823525 0.23284313725490197
1 0.5625 0.8721590909090909 0.27840909090909094 0.25
1 0.829073482428115 0.8658146964856229 0.28434504792332266 0.2619808306709265
1 0.8812849162011174 0.6731843575418994 0.23184357541899442 0.18435754189944134
1 0.9053030303030304 0.523989898989899 0.18434343434343436 0.15404040404040406
0 0.9164759725400458 0.41762013729977115 0.16247139588100687 0.13043478260869565
1 0.9217758985200846 0.331923890063425 0.1522198731501057 0.1226215644820296
