1 7.837349397590362 4.524822695035461 1.7951807228915664 0.9787234042553191
1 9.14935064935065 4.071942446043166 1.9870129870129871 0.8920863309352518
1 12.191666666666666 3.8911290322580645 2.216666666666667 0.9112903225806451
1 14.101851851851851 3.641592920353982 2.2777777777777777 0.8053097345132744
1 15.765306122448978 3.2155963302752295 2.4285714285714284 0.7064220183486238
1 17.06382978723404 2.9603960396039604 2.382978723404255 0.6732673267326733
1 24.772727272727273 2.6842105263157894 3.0606060606060606 0.6105263157894737
1 24.602941176470587 2.4450549450549453 2.8529411764705883 0.5604395604395604
1 27.58064516129032 2.2906976744186047 2.967741935483871 0.5581395348837209
0 2.7751479289940826 7.920731707317073 1.1005917159763314 1.475609756097561
1 5.547413793103448 7.844444444444445 1.0775862068965516 1.511111111111111
1 6.797029702970297 7.083333333333333 1.0792079207920793 1.357142857142857
1 6.412037037037036 6.868421052631579 1.0462962962962963 1.3684210526315788
1 7.551546391752577 6.457142857142857 1.041237113402062 1.3142857142857143
1 7.919354838709678 6.655172413793103 1.0430107526881722 1.4482758620689655
1 4.7890625 4.541095890410959 1.421875 1.136986301369863
1 6.455357142857142 4.766666666666667 1.4107142857142856 1.2333333333333334
1 8.385416666666666 3.639705882352941 1.7291666666666665 1.0147058823529411
1 9.395833333333332 3.5491803278688527 1.625 0.9344262295081968
1 10.24468085106383 2.9918032786885247 1.6382978723404256 0.9344262295081968
1 14.23611111111111 2.9907407407407405 1.8055555555555554 1.0185185185185184
1 1.2236842105263157 4.550632911392405 -0.23684210526315788 1.2025316455696202
1 2.64 3.8860759493670884 1.3066666666666666 1.1139240506329113
1 4.119047619047619 3.7123287671232874 1.4126984126984126 1.1232876712328768
1 5.633928571428571 3.5970149253731343 1.482142857142857 0.9850746268656716
1 7.17 3.5775862068965516 1.46 1.0517241379310345
1 8.52127659574468 3.318181818181818 1.5106382978723405 1.0363636363636364
1 8.89795918367347 2.9074074074074074 1.4693877551020407 1.074074074074074
