1 8.420731707317074 3.346590909090909 2.0365853658536586 0.7272727272727273
1 9.216417910447761 3.189542483660131 2.283582089552239 0.6535947712418301
1 8.576923076923077 2.9496402877697845 2.076923076923077 0.6474820143884893
1 8.336065573770492 2.6461538461538465 2.0819672131147544 0.6307692307692307
1 9.893617021276595 2.4608695652173913 2.4680851063829787 0.5565217391304348
1 8.451923076923077 2.1055045871559632 2.1730769230769234 0.5963302752293578
1 9.646341463414634 1.6743119266055047 2.6097560975609757 0.5045871559633028
1 7.902173913043478 1.5217391304347825 2.108695652173913 0.6086956521739131
1 9.105263157894736 1.1 2.4210526315789473 -0.24705882352941178
0 8.205128205128204 0.9125000000000001 2.205128205128205 0.5750000000000001
1 10.910958904109588 4.322314049586777 1.8493150684931505 0.7603305785123967
1 10.507462686567164 3.4375 2.1194029850746268 0.6875
0 11.228813559322035 3.2909090909090906 2.0508474576271185 0.7090909090909091
1 10.649122807017543 2.462809917355372 2.280701754385965 0.578512396694215
1 11.833333333333332 2.134782608695652 2.5416666666666665 0.5304347826086957
1 12.045454545454545 1.7727272727272727 2.6363636363636362 0.5272727272727272
1 11.75 1.708791208791209 2.357142857142857 0.5384615384615385
1 9.75531914893617 0.9801980198019802 2.361702127659574 -0.2376237623762376
1 13.758064516129032 1.1785714285714286 2.870967741935484 -0.11904761904761904
0 24.390243902439025 0.6025641025641025 -0.1951219512195122 0.9743589743589743
