1 0.565625 0.8652777777777778 0.07265625 0.2138888888888889
1 0.6046875 0.7097222222222223 0.06171875 0.18333333333333335
1 0.634375 0.6180555555555556 0.0484375 0.17083333333333334
1 0.6531250000000001 0.5111111111111112 0.0484375 0.1625
1 0.67578125 0.44027777777777777 0.041406250000000006 0.1375
1 0.69140625 0.36944444444444446 0.03671875 0.13194444444444445
0 0.7054687500000001 0.3138888888888889 0.03359375 0.13333333333333333
1 0.72265625 0.27083333333333337 0.026562500000000003 0.1375
1 0.73359375 0.22222222222222224 0.022656250000000003 0.10972222222222222
1 0.43203125000000003 0.8583333333333334 0.134375 0.11388888888888889
1 0.57578125 0.43472222222222223 0.08671875000000001 0.058333333333333334
1 0.6000000000000001 0.37083333333333335 0.08515625 0.05416666666666667
1 0.6203125 0.30972222222222223 0.0859375 0.058333333333333334
1 0.6570312500000001 0.22361111111111112 0.065625 0.044444444444444446
1 0.3125 0.39583333333333337 0.045312500000000006 0.09027777777777778
1 0.34921875 0.3416666666666667 0.0390625 0.09305555555555556
1 0.3875 0.29305555555555557 0.037500000000000006 0.08472222222222223
1 0.415625 0.24722222222222223 0.034375 0.08472222222222223
1 0.44375000000000003 0.20694444444444446 0.03515625 0.08472222222222223
1 0.46796875000000004 0.1736111111111111 0.03125 0.08333333333333334
1 0.17578125 0.45 0.053125000000000006 0.10972222222222222
1 0.22890625 0.3819444444444445 0.045312500000000006 0.1
1 0.27578125000000003 0.33472222222222225 0.0421875 0.08194444444444444
1 0.3125 0.2791666666666667 0.037500000000000006 0.08333333333333334
0 0.34765625 0.24027777777777778 0.0328125 0.08750000000000001
1 0.3796875 0.2 0.035937500000000004 0.08194444444444444
1 0.4078125 0.16527777777777777 0.028125 0.0763888888888889
