0 0.8909677419354839 0.76 0.21548387096774194 0.16516129032258065
0 0.8884892086330936 0.702158273381295 0.22014388489208633 0.14388489208633093
0 0.8905750798722044 0.6549520766773163 0.21565495207667731 0.1437699680511182
0 0.887434554973822 0.6003490401396161 0.22164048865619546 0.1431064572425829
0 0.8874045801526718 0.5400763358778625 0.2213740458015267 0.12213740458015267
0 0.7776659959758552 0.2012072434607646 0.4406438631790745 -0.01609657947686117
0 0.792485549132948 0.45317919075144514 0.41271676300578036 0.4092485549132948
0 0.899830220713073 0.3310696095076401 0.1969439728353141 0.09847198641765705
0 0.9071691176470588 0.2858455882352941 0.18198529411764705 0.0900735294117647
0 0.8902912621359222 0.19223300970873786 0.21553398058252426 -0.04660194174757282
0 0.9036016949152542 0.2097457627118644 0.1885593220338983 -0.0211864406779661
0 0.8961187214611872 0.12442922374429223 0.20319634703196346 0.09360730593607305
0 0.9576629974597798 0.32176121930567314 0.0829805249788315 0.06773920406435224
0 0.9622119815668203 0.2857142857142857 0.07373271889400922 0.07373271889400922
0 0.9696517412935323 0.20348258706467662 -0.05870646766169154 0.20199004975124377
0 0.8432835820895522 0.041264266900790166 -0.31167690956979804 0.06672519754170325
0 0.9546621043627032 0.2245508982035928 0.08896492728828058 0.055603079555175364
0 0.9518619436875567 0.19209809264305178 -0.09445958219800181 0.04995458673932788
0 0.9517543859649122 0.16033138401559455 -0.09454191033138401 0.049707602339181284
0 0.9528795811518326 0.1324607329842932 0.09214659685863875 0.04712041884816755
0 0.9459606986899562 0.09934497816593886 0.10589519650655022 -0.04148471615720524
0 0.9527421236872812 0.07292882147024503 0.09218203033838972 0.047841306884480746
0 0.8874172185430463 0.09176915799432356 -0.22327341532639547 -0.013245033112582781
0 0.968984962406015 0.05592105263157894 0.06015037593984962 0.05169172932330827
