0 0.8909677419354839 0.76 0.21548387096774194 0.16516129032258065
0 0.8884892086330936 0.702158273381295 0.22014388489208633 0.14388489208633093
0 0.8905750798722044 0.6549520766773163 0.21565495207667731 0.1437699680511182
0 0.887434554973822 0.6003490401396161 0.22164048865619546 0.1431064572425829
0 0.8874045801526718 0.5400763358778625 0.2213740458015267 0.12213740458015267
0 0.8843058350100604 0.46177062374245476 0.227364185110664 0.130784708249497
0 0.8788888888888889 0.40555555555555556 0.23777777777777778 0.12222222222222222
0 0.8619854721549637 0.22639225181598063 0.2711864406779661 -0.05084745762711865
0 0.8791208791208792 0.20054945054945056 0.23626373626373628 0.1263736263736264
0 0.9208092485549133 0.6046242774566475 0.15606936416184972 0.10635838150289018
0 0.9072164948453608 0.5670103092783505 0.18298969072164947 0.1134020618556701
0 0.9150552486187845 0.5 0.1671270718232044 0.10773480662983426
0 0.9019316493313521 0.4427934621099554 0.19316493313521543 0.10401188707280831
0 0.9015873015873016 0.3896825396825397 0.19365079365079366 0.09682539682539683
0 0.899830220713073 0.3310696095076401 0.1969439728353141 0.09847198641765705
0 0.9071691176470588 0.2858455882352941 0.18198529411764705 0.0900735294117647
0 0.8902912621359222 0.19223300970873786 0.21553398058252426 -0.04660194174757282
0 0.9036016949152542 0.2097457627118644 0.1885593220338983 -0.0211864406779661
0 0.8961187214611872 0.12442922374429223 0.20319634703196346 0.09360730593607305
0 0.9576629974597798 0.32176121930567314 0.0829805249788315 0.06773920406435224
0 0.9622119815668203 0.2857142857142857 0.07373271889400922 0.07373271889400922
0 0.9691542288557213 0.2626865671641791 -0.05970149253731343 0.0835820895522388
0 0.9550739957716702 0.22938689217758987 0.08773784355179705 0.07399577167019028
0 0.951923076923077 0.19230769230769232 0.09389140271493214 0.07692307692307693
0 0.8643546971027217 0.041264266900790166 -0.26953467954345917 0.06672519754170325
0 0.9546621043627032 0.2245508982035928 0.08896492728828058 0.055603079555175364
0 0.9518619436875567 0.19209809264305178 -0.09445958219800181 0.04995458673932788
0 0.9517543859649122 0.16033138401559455 -0.09454191033138401 0.049707602339181284
0 0.9277486910994766 0.09214659685863875 0.1424083769633508 -0.033507853403141365
0 0.9527421236872812 0.07292882147024503 0.09218203033838972 0.047841306884480746
0 0.9095 0.097 -0.179 -0.014
