0 0.54609375 0.9013888888888889 0.05859375 0.14166666666666666
0 0.60703125 0.6527777777777778 0.0546875 0.1736111111111111
0 0.628125 0.5569444444444445 0.0484375 0.1625
0 0.640625 0.47500000000000003 0.04453125 0.14305555555555557
0 0.65546875 0.40694444444444444 0.029687500000000002 0.14027777777777778
0 0.6703125000000001 0.3541666666666667 0.03125 0.11666666666666667
0 0.6820312500000001 0.3 0.022656250000000003 0.11805555555555557
0 0.6937500000000001 0.2569444444444445 0.025 0.10416666666666667
0 0.3953125 0.8972222222222223 0.09765625 0.11388888888888889
0 0.5375 0.4777777777777778 0.08671875000000001 0.05277777777777778
0 0.55703125 0.4152777777777778 0.09765625 0.04166666666666667
0 0.5734375 0.3597222222222222 0.08984375 0.043055555555555555
0 0.5921875 0.30694444444444446 0.09140625000000001 0.0375
0 0.6046875 0.2652777777777778 0.0765625 0.036111111111111115
0 0.28203125 0.45 0.053125000000000006 0.10555555555555556
0 0.321875 0.3902777777777778 0.0484375 0.10277777777777779
0 0.35859375000000004 0.3402777777777778 0.03828125 0.10416666666666667
0 0.3875 0.2916666666666667 0.034375 0.09027777777777778
0 0.40937500000000004 0.24722222222222223 0.032031250000000004 0.07777777777777778
0 0.4375 0.2125 0.02421875 0.07222222222222223
0 0.13046875 0.4777777777777778 0.040625 0.08750000000000001
0 0.184375 0.4138888888888889 0.0421875 0.08750000000000001
0 0.2328125 0.35694444444444445 0.040625 0.09166666666666667
0 0.27265625 0.30972222222222223 0.0390625 0.09027777777777778
0 0.309375 0.26805555555555555 0.032031250000000004 0.0763888888888889
0 0.33828125000000003 0.23194444444444445 0.028125 0.06944444444444445
0 0.36640625000000004 0.20555555555555557 0.02421875 0.0763888888888889
