0 0.920844327176781 0.8575197889182058 0.15567282321899736 0.13984168865435356
0 0.9148009950248756 0.7077114427860697 0.16791044776119401 0.1691542288557214
0 0.922754491017964 0.5766467065868264 0.15209580838323353 0.13532934131736526
0 0.9310747663551401 0.4836448598130841 0.13551401869158877 0.1144859813084112
0 0.9352272727272727 0.4017045454545454 0.12727272727272726 0.09204545454545454
0 0.9404494382022472 0.33876404494382023 0.11685393258426967 0.07303370786516855
0 0.9491712707182322 0.28895027624309394 0.0994475138121547 0.06519337016574586
0 0.951419213973799 0.24508733624454146 0.09497816593886463 0.05349344978165939
0 0.9547900968783637 0.20721205597416575 0.0882669537136706 0.05274488697524219
1 0.7150916784203103 0.9167842031029619 0.20592383638928066 0.16361071932299012
0 0.927807486631016 0.4659090909090909 0.14171122994652405 0.08422459893048127
0 0.9215938303341902 0.3913881748071979 0.15424164524421594 0.06812339331619537
0 0.929471032745592 0.33249370277078083 0.1385390428211587 0.0654911838790932
0 0.9291819291819292 0.27472527472527475 0.1391941391941392 0.05616605616605617
0 0.9412832929782082 0.23668280871670702 0.11501210653753027 0.049636803874092014
0 0.8897243107769424 0.8345864661654134 0.21553884711779447 0.20551378446115287
0 0.9015486725663717 0.6415929203539823 0.19247787610619468 0.17256637168141592
0 0.9250513347022588 0.5195071868583162 0.1457905544147844 0.15195071868583163
0 0.930188679245283 0.41132075471698115 0.13584905660377358 0.1169811320754717
0 0.9391771019677997 0.33184257602862255 0.11806797853309481 0.09123434704830054
0 0.947457627118644 0.2635593220338983 0.10169491525423728 0.06610169491525424
0 0.44502617801047123 0.9005235602094241 0.15706806282722513 0.193717277486911
1 0.7104477611940299 0.8835820895522388 0.208955223880597 0.22686567164179106
0 0.8854166666666666 0.7619047619047619 0.2232142857142857 0.19642857142857142
0 0.9015544041450777 0.572538860103627 0.1917098445595855 0.17098445595854922
0 0.9228971962616822 0.44859813084112143 0.14953271028037382 0.13551401869158877
0 0.9341252699784018 0.35853131749460043 0.12742980561555076 0.09935205183585313
0 0.9381237524950099 0.2894211576846307 0.11976047904191615 0.07584830339321356
