1 8.420731707317074 3.346590909090909 2.0365853658536586 0.7272727272727273
1 9.216417910447761 3.189542483660131 2.283582089552239 0.6535947712418301
1 8.576923076923077 2.9496402877697845 2.076923076923077 0.6474820143884893
1 8.336065573770492 2.6461538461538465 2.0819672131147544 0.6307692307692307
1 9.893617021276595 2.4608695652173913 2.4680851063829787 0.5565217391304348
0 8.451923076923077 2.1055045871559632 2.1730769230769234 0.5963302752293578
0 9.646341463414634 1.6743119266055047 2.6097560975609757 0.5045871559633028
1 7.902173913043478 1.5217391304347825 2.108695652173913 0.6086956521739131
None 9.105263157894736 1.1 2.4210526315789473 -0.24705882352941178
1 8.205128205128204 0.9125000000000001 2.205128205128205 0.5750000000000001
1 10.910958904109588 4.322314049586777 1.8493150684931505 0.7603305785123967
1 10.507462686567164 3.4375 2.1194029850746268 0.6875
1 11.228813559322035 3.2909090909090906 2.0508474576271185 0.7090909090909091
1 10.649122807017543 2.462809917355372 2.280701754385965 0.578512396694215
0 11.833333333333332 2.134782608695652 2.5416666666666665 0.5304347826086957
1 12.045454545454545 1.7727272727272727 2.6363636363636362 0.5272727272727272
1 11.75 1.708791208791209 2.357142857142857 0.5384615384615385
1 9.75531914893617 0.9801980198019802 2.361702127659574 -0.2376237623762376
None 13.758064516129032 1.1785714285714286 2.870967741935484 -0.11904761904761904
0 12.265625 0.6411764705882352 2.78125 0.4823529411764706
1 15.708333333333332 3.8000000000000003 1.361111111111111 0.8
1 14.704225352112676 4.1891891891891895 1.1267605633802817 1.0810810810810811
1 13.162162162162163 3.7183098591549295 -0.8108108108108109 1.1830985915492958
1 13.9 2.9726027397260273 1.276923076923077 0.958904109589041
1 14.76315789473684 2.3943661971830985 1.4561403508771928 0.9577464788732395
0 13.032786885245903 2.5370370370370368 1.180327868852459 1.259259259259259
1 12.425 1.95 1.25 -0.5
0 10.544776119402984 1.9791666666666665 1.1194029850746268 -0.41666666666666663
1 11.271186440677965 0.8173076923076924 1.2542372881355932 1.2884615384615385
1 18.15909090909091 2.7863247863247866 1.8333333333333335 0.5982905982905984
1 21.461538461538463 2.599009900990099 2.0 0.6435643564356436
0 21.833333333333332 1.9403669724770642 -2.1666666666666665 0.5045871559633028
1 19.928571428571427 1.6616161616161618 -1.9795918367346936 0.5151515151515152
1 20.22222222222222 1.4709302325581395 1.9555555555555557 0.5232558139534884
None 20.151162790697676 0.9381443298969072 2.255813953488372 -0.3917525773195876
1 19.914634146341463 0.8012820512820512 1.926829268292683 0.5256410256410257
1 18.914634146341463 0.35795454545454547 2.1707317073170733 0.46590909090909094
0 19.853448275862068 1.7246376811594204 1.0172413793103448 -0.8405797101449275
0 17.811475409836067 1.4035087719298245 1.0 -0.8421052631578947
1 18.745454545454546 1.0258620689655171 1.1636363636363636 0.9482758620689655
