1 0.5085937500000001 0.8833333333333334 0.06484375 0.19583333333333333
1 0.55078125 0.7819444444444444 0.06015625 0.19305555555555556
1 0.571875 0.6666666666666667 0.046875 0.17222222222222222
1 0.5953125 0.5680555555555555 0.0421875 0.15694444444444444
1 0.6039062500000001 0.48055555555555557 0.03828125 0.1513888888888889
1 0.6273437500000001 0.41111111111111115 0.03671875 0.14027777777777778
1 0.6390625000000001 0.3541666666666667 0.025781250000000002 0.13194444444444445
1 0.65390625 0.30833333333333335 0.026562500000000003 0.12638888888888888
0 0.6687500000000001 0.26666666666666666 0.02421875 0.11944444444444445
1 0.36640625000000004 0.9013888888888889 0.13203125000000002 0.11388888888888889
1 0.503125 0.48888888888888893 0.09062500000000001 0.0625
1 0.53671875 0.4166666666666667 0.07890625000000001 0.058333333333333334
1 0.54140625 0.36388888888888893 0.084375 0.05277777777777778
1 0.57265625 0.31527777777777777 0.07578125000000001 0.04861111111111111
1 0.57578125 0.26805555555555555 0.07265625 0.04027777777777778
1 0.23984375000000002 0.4527777777777778 0.05 0.10138888888888889
1 0.28203125 0.39305555555555555 0.043750000000000004 0.08333333333333334
1 0.31484375000000003 0.3416666666666667 0.037500000000000006 0.09444444444444444
0 0.353125 0.2972222222222222 0.037500000000000006 0.08472222222222223
1 0.3765625 0.2555555555555556 0.03671875 0.08472222222222223
1 0.40078125000000003 0.22361111111111112 0.028125 0.075
1 0.09921875000000001 0.5041666666666667 0.059375000000000004 0.10972222222222222
1 0.1546875 0.4305555555555556 0.05859375 0.10972222222222222
1 0.203125 0.38333333333333336 0.049218750000000006 0.10138888888888889
1 0.246875 0.3375 0.043750000000000004 0.09305555555555556
1 0.28046875 0.29305555555555557 0.0390625 0.08055555555555556
1 0.31328125 0.25833333333333336 0.03671875 0.0763888888888889
1 0.34140625 0.225 0.03828125 0.075
