0 0.8987577639751553 0.7732919254658386 0.2 0.18509316770186335
1 0.9116607773851589 0.6095406360424028 0.17432273262661954 0.15901060070671377
1 0.9237770193401592 0.5096700796359499 0.1501706484641638 0.11376564277588168
0 0.9272222222222222 0.4172222222222222 0.14333333333333334 0.11888888888888889
0 0.940087145969499 0.35294117647058826 0.11764705882352942 0.09368191721132899
0 0.9424307036247335 0.2867803837953092 0.11300639658848614 0.08315565031982942
0 0.9440376569037656 0.23901673640167362 0.1098326359832636 0.07426778242677824
0 0.9458077709611453 0.19938650306748468 0.1063394683026585 0.06134969325153375
1 0.9557026476578411 0.16496945010183298 0.0865580448065173 0.052953156822810585
0 0.8145985401459853 0.9094890510948904 0.25985401459854013 0.17810218978102188
1 0.9240903387703889 0.3933500627352572 0.14930991217063988 0.08406524466750313
0 0.928657799274486 0.3258766626360338 0.14026602176541716 0.06892382103990326
0 0.9302461899179366 0.2637749120750293 0.13716295427901523 0.0656506447831184
1 0.9366359447004609 0.21831797235023043 0.12442396313364056 0.05184331797235023
0 0.9497175141242938 0.18022598870056497 0.09830508474576272 0.04180790960451978
0 0.9098173515981735 0.6563926940639269 0.17579908675799086 0.17579908675799086
0 0.9176954732510288 0.5051440329218108 0.16049382716049385 0.13786008230452676
0 0.9269662921348315 0.3960674157303371 0.14232209737827717 0.1254681647940075
0 0.9332161687170474 0.3093145869947276 0.13005272407732865 0.09490333919156414
0 0.9356435643564357 0.24257425742574257 0.1254125412541254 0.09240924092409242
0 0.9417322834645669 0.17086614173228346 0.11338582677165354 -0.03307086614173228
0 0.6304945054945056 0.8750000000000001 0.22802197802197804 0.24450549450549453
0 0.874251497005988 0.8278443113772456 0.24550898203592816 0.218562874251497
0 0.90153452685422 0.6048593350383632 0.19181585677749363 0.17647058823529413
0 0.9183908045977012 0.45517241379310347 0.1586206896551724 0.13333333333333333
0 0.9249999999999999 0.353125 0.14583333333333334 0.12708333333333333
0 0.9291187739463601 0.278735632183908 0.13793103448275862 0.10919540229885057
1 0.9413357400722022 0.18592057761732853 0.11371841155234658 -0.021660649819494587
