1 7.779569892473119 4.042207792207792 1.731182795698925 0.9675324675324676
0 9.79746835443038 3.9204545454545454 1.8734177215189873 1.0227272727272727
1 13.096774193548386 3.642276422764228 2.129032258064516 0.8130081300813009
1 13.459677419354838 3.2094017094017095 2.0806451612903225 0.9145299145299146
0 16.28301886792453 3.272727272727273 2.0377358490566038 0.8686868686868687
1 18.80851063829787 2.831578947368421 2.25531914893617 0.8210526315789474
1 20.988372093023255 2.380208333333333 2.441860465116279 0.7395833333333333
1 27.205882352941178 1.96969696969697 3.0588235294117645 0.6060606060606061
1 32.36206896551724 2.050632911392405 2.9310344827586206 0.6582278481012658
1 3.244186046511628 7.597560975609756 1.0348837209302326 1.4878048780487805
1 6.635135135135135 7.4642857142857135 1.072072072072072 1.5952380952380951
1 7.045871559633028 6.91025641025641 1.0642201834862386 1.4615384615384615
1 7.213636363636363 5.357142857142857 1.0636363636363635 1.3333333333333333
1 7.742857142857144 5.414285714285714 1.0285714285714287 1.2857142857142856
1 10.00595238095238 4.984375 1.0357142857142856 1.15625
0 6.870689655172414 4.423076923076923 1.3275862068965516 1.1846153846153846
1 8.92 3.6641791044776117 1.56 1.0
1 10.3125 3.4672131147540983 1.5833333333333333 1.098360655737705
0 12.068181818181818 2.8852459016393444 1.6818181818181819 0.8852459016393444
1 12.6 2.4098360655737707 1.6888888888888889 0.9180327868852459
0 14.950000000000001 1.8083333333333333 1.8 -0.35
0 3.375 4.031645569620253 1.2205882352941175 1.1265822784810127
1 5.0344827586206895 3.8402777777777777 1.4137931034482758 1.0138888888888888
1 6.527777777777778 4.008474576271187 1.3888888888888888 1.1694915254237288
1 8.322916666666666 3.3 1.4375 0.9666666666666667
0 10.571428571428571 2.6904761904761902 1.6666666666666665 0.9682539682539681
0 10.543478260869565 2.4661016949152543 1.5652173913043477 0.9661016949152542
0 14.48611111111111 1.8727272727272726 1.75 -0.21818181818181817
