1 0.8909677419354839 0.76 0.21548387096774194 0.16516129032258065
1 0.8884892086330936 0.702158273381295 0.22014388489208633 0.14388489208633093
1 0.8905750798722044 0.6549520766773163 0.21565495207667731 0.1437699680511182
1 0.887434554973822 0.6003490401396161 0.22164048865619546 0.1431064572425829
1 0.8874045801526718 0.5400763358778625 0.2213740458015267 0.12213740458015267
1 0.8843058350100604 0.46177062374245476 0.227364185110664 0.130784708249497
1 0.8788888888888889 0.40555555555555556 0.23777777777777778 0.12222222222222222
1 0.8801452784503633 0.33898305084745767 0.23486682808716708 0.13559322033898305
1 0.8804071246819339 0.23791348600508908 0.2340966921119593 -0.0534351145038168
1 0.8791208791208792 0.20054945054945056 0.23626373626373628 0.1263736263736264
1 0.9208092485549133 0.6046242774566475 0.15606936416184972 0.10635838150289018
1 0.9072164948453608 0.5670103092783505 0.18298969072164947 0.1134020618556701
1 0.9150552486187845 0.5 0.1671270718232044 0.10773480662983426
1 0.9019316493313521 0.4427934621099554 0.19316493313521543 0.10401188707280831
1 0.9015873015873016 0.3896825396825397 0.19365079365079366 0.09682539682539683
1 0.899830220713073 0.3310696095076401 0.1969439728353141 0.09847198641765705
1 0.9071691176470588 0.2858455882352941 0.18198529411764705 0.0900735294117647
1 0.8902912621359222 0.19223300970873786 0.21553398058252426 -0.04660194174757282
1 0.9036016949152542 0.2097457627118644 0.1885593220338983 -0.0211864406779661
1 0.8961187214611872 0.12442922374429223 0.20319634703196346 0.09360730593607305
1 0.9576629974597798 0.32176121930567314 0.0829805249788315 0.06773920406435224
1 0.9622119815668203 0.2857142857142857 0.07373271889400922 0.07373271889400922
1 0.9691542288557213 0.2626865671641791 -0.05970149253731343 0.0835820895522388
1 0.9550739957716702 0.22938689217758987 0.08773784355179705 0.07399577167019028
1 0.951923076923077 0.19230769230769232 0.09389140271493214 0.07692307692307693
1 0.9555288461538463 0.16466346153846154 0.08653846153846154 0.08173076923076923
1 0.9508928571428571 0.12436224489795918 0.09566326530612244 -0.03188775510204082
1 0.9483221476510066 0.12751677852348992 0.10067114093959731 -0.026845637583892617
1 0.9459459459459459 0.060455192034139404 0.10526315789473685 0.09530583214793742
0 0.9511904761904761 0.25873015873015875 0.09603174603174604 0.05555555555555555
1 0.9546621043627032 0.2245508982035928 0.08896492728828058 0.055603079555175364
1 0.9518619436875567 0.19209809264305178 -0.09445958219800181 0.04995458673932788
1 0.9517543859649122 0.16033138401559455 -0.09454191033138401 0.049707602339181284
1 0.9528795811518326 0.1324607329842932 0.09214659685863875 0.04712041884816755
1 0.9459606986899562 0.09934497816593886 0.10589519650655022 -0.04148471615720524
1 0.9527421236872812 0.07292882147024503 0.09218203033838972 0.047841306884480746
1 0.9445797807551766 0.03836784409257003 0.10840438489646771 0.049939098660170524
1 0.9741962774957699 0.10067681895093063 0.04991539763113367 -0.049069373942470386
1 0.971824686940966 0.07155635062611806 0.05456171735241503 -0.042933810375670844
1 0.968984962406015 0.05592105263157894 0.06015037593984962 0.05169172932330827
